        1000  0.467766185658274435965608972765039653        -27377.0729638381453696638345718383789      
        2000  0.467766185658274435965608972765039653        -27377.0520517228978860657662153244019      
        3000  0.467766185658274435965608972765039653        -27377.0428561989101581275463104248047      
        4000  0.467766185658274435965608972765039653        -27377.0373911137648974545300006866455      
        5000  0.467766185658274435965608972765039653        -27377.0336624609626596793532371520996      
        6000  0.467766185658274491476760204022866674        -27377.0309018505977292079478502273560      
        7000  0.467766185658274435965608972765039653        -27377.0287442656117491424083709716797      
        8000  0.467766185658274435965608972765039653        -27377.0269924470194382593035697937012      
        9000  0.467766185658274546987911435280693695        -27377.0255296812792948912829160690308      
       10000  0.467766185658274546987911435280693695        -27377.0242820024250249844044446945190      
       11000  0.467766185658274546987911435280693695        -27377.0231999233146780170500278472900      
       12000  0.467766185658274546987911435280693695        -27377.0222488534272997640073299407959      
       13000  0.467766185658274435965608972765039653        -27377.0214037341575021855533123016357      
       14000  0.467766185658274435965608972765039653        -27377.0206458679931529331952333450317      
       15000  0.467766185658274546987911435280693695        -27377.0199609557821531780064105987549      
       16000  0.467766185658274546987911435280693695        -27377.0193378325202502310276031494141      
       17000  0.467766185658274602499062666538520716        -27377.0187676245659531559795141220093      
       18000  0.467766185658274546987911435280693695        -27377.0182431708162766881287097930908      
       19000  0.467766185658274546987911435280693695        -27377.0177586147547117434442043304443      
       20000  0.467766185658274658010213897796347737        -27377.0173091103788465261459350585938      
       21000  0.467766185658274658010213897796347737        -27377.0168906059952860232442617416382      
       22000  0.467766185658274658010213897796347737        -27377.0164996824896661564707756042480      
       23000  0.467766185658274658010213897796347737        -27377.0161334304466436151415109634399      
       24000  0.467766185658274658010213897796347737        -27377.0157893554569454863667488098145      
       25000  0.467766185658274658010213897796347737        -27377.0154653043173311743885278701782      
       26000  0.467766185658274658010213897796347737        -27377.0151594067392579745501279830933      
       27000  0.467766185658274658010213897796347737        -27377.0148700289428234100341796875000      
       28000  0.467766185658274658010213897796347737        -27377.0145957362656190525740385055542      
       29000  0.467766185658274658010213897796347737        -27377.0143352628510911017656326293945      
       30000  0.467766185658274658010213897796347737        -27377.0140874867975071538239717483521      
       31000  0.467766185658274658010213897796347737        -27377.0138514097161532845348119735718      
       32000  0.467766185658274658010213897796347737        -27377.0136261397055932320654392242432      
       33000  0.467766185658274713521365129054174758        -27377.0134108771853789221495389938354      
       34000  0.467766185658274658010213897796347737        -27377.0132049029161862563341856002808      
       35000  0.467766185658274658010213897796347737        -27377.0130075679371657315641641616821      
       36000  0.467766185658274658010213897796347737        -27377.0128182849657605402171611785889      
       37000  0.467766185658274658010213897796347737        -27377.0126365210671792738139629364014      
       38000  0.467766185658274658010213897796347737        -27377.0124617913788824807852506637573      
       39000  0.467766185658274658010213897796347737        -27377.0122936536718043498694896697998      
       40000  0.467766185658274658010213897796347737        -27377.0121317036682739853858947753906      
       41000  0.467766185658274658010213897796347737        -27377.0119755709711171220988035202026      
       42000  0.467766185658274658010213897796347737        -27377.0118249154947989154607057571411      
       43000  0.467766185658274658010213897796347737        -27377.0116794243658659979701042175293      
       44000  0.467766185658274658010213897796347737        -27377.0115388091944623738527297973633      
       45000  0.467766185658274546987911435280693695        -27377.0114028036732634063810110092163      
       46000  0.467766185658274546987911435280693695        -27377.0112711614456202369183301925659      
       47000  0.467766185658274546987911435280693695        -27377.0111436542429146356880664825439      
       48000  0.467766185658274546987911435280693695        -27377.0110200702074507717043161392212      
       49000  0.467766185658274546987911435280693695        -27377.0109002124081598594784736633301      
       50000  0.467766185658274658010213897796347737        -27377.0107838975200138520449399948120      
       51000  0.467766185658274546987911435280693695        -27377.0106709546380443498492240905762      
       52000  0.467766185658274546987911435280693695        -27377.0105612242223287466913461685181      
       53000  0.467766185658274546987911435280693695        -27377.0104545571375638246536254882812      
       54000  0.467766185658274546987911435280693695        -27377.0103508138017787132412195205688      
       55000  0.467766185658274546987911435280693695        -27377.0102498634114454034715890884399      
       56000  0.467766185658274546987911435280693695        -27377.0101515832502627745270729064941      
       57000  0.467766185658274546987911435280693695        -27377.0100558580452343448996543884277      
       58000  0.467766185658274546987911435280693695        -27377.0099625794027815572917461395264      
       59000  0.467766185658274546987911435280693695        -27377.0098716452885128092020750045776      
       60000  0.467766185658274658010213897796347737        -27377.0097829595542862080037593841553      
       61000  0.467766185658274658010213897796347737        -27377.0096964315052900929003953933716      
       62000  0.467766185658274658010213897796347737        -27377.0096119755144172813743352890015      
       63000  0.467766185658274658010213897796347737        -27377.0095295106548292096704244613647      
       64000  0.467766185658274658010213897796347737        -27377.0094489603761758189648389816284      
       65000  0.467766185658274658010213897796347737        -27377.0093702522026433143764734268188      
       66000  0.467766185658274658010213897796347737        -27377.0092933174637437332421541213989      
       67000  0.467766185658274658010213897796347737        -27377.0092180910287424921989440917969      
       68000  0.467766185658274658010213897796347737        -27377.0091445110811037011444568634033      
       69000  0.467766185658274658010213897796347737        -27377.0090725189111253712326288223267      
       70000  0.467766185658274658010213897796347737        -27377.0090020587012986652553081512451      
       71000  0.467766185658274658010213897796347737        -27377.0089330773553228937089443206787      
       72000  0.467766185658274769032516360312001780        -27377.0088655243271205108612775802612      
       73000  0.467766185658274769032516360312001780        -27377.0087993514680420048534870147705      
       74000  0.467766185658274769032516360312001780        -27377.0087345128777087666094303131104      
       75000  0.467766185658274769032516360312001780        -27377.0086709647621319163590669631958      
       76000  0.467766185658274769032516360312001780        -27377.0086086653282109182327985763550      
       77000  0.467766185658274713521365129054174758        -27377.0085475746564043220132589340210      
       78000  0.467766185658274769032516360312001780        -27377.0084876545915903989225625991821      
       79000  0.467766185658274769032516360312001780        -27377.0084288686484796926379203796387      
       80000  0.467766185658274769032516360312001780        -27377.0083711819206655491143465042114      
       81000  0.467766185658274769032516360312001780        -27377.0083145609823986887931823730469      
       82000  0.467766185658274658010213897796347737        -27377.0082589738194656092673540115356      
       83000  0.467766185658274658010213897796347737        -27377.0082043897455150727182626724243      
       84000  0.467766185658274658010213897796347737        -27377.0081507793402124661952257156372      
       85000  0.467766185658274658010213897796347737        -27377.0080981143692042678594589233398      
       86000  0.467766185658274658010213897796347737        -27377.0080463677441002801060676574707      
       87000  0.467766185658274658010213897796347737        -27377.0079955134315241593867540359497      
       88000  0.467766185658274658010213897796347737        -27377.0079455264312855433672666549683      
       89000  0.467766185658274658010213897796347737        -27377.0078963827108964323997497558594      
       90000  0.467766185658274658010213897796347737        -27377.0078480591510015074163675308228      
       91000  0.467766185658274658010213897796347737        -27377.0078005335126363206654787063599      
       92000  0.467766185658274658010213897796347737        -27377.0077537843935715500265359878540      
       93000  0.467766185658274658010213897796347737        -27377.0077077911701053380966186523438      
       94000  0.467766185658274658010213897796347737        -27377.0076625339934253133833408355713      
       95000  0.467766185658274658010213897796347737        -27377.0076179937168490141630172729492      
       96000  0.467766185658274658010213897796347737        -27377.0075741518921859096735715866089      
       97000  0.467766185658274658010213897796347737        -27377.0075309907188056968152523040771      
       98000  0.467766185658274658010213897796347737        -27377.0074884930254484061151742935181      
       99000  0.467766185658274658010213897796347737        -27377.0074466422338446136564016342163      
      100000  0.467766185658274658010213897796347737        -27377.0074054223368875682353973388672      
      101000  0.467766185658274658010213897796347737        -27377.0073648178768053185194730758667      
      102000  0.467766185658274658010213897796347737        -27377.0073248139124189037829637527466      
      103000  0.467766185658274658010213897796347737        -27377.0072853960009524598717689514160      
      104000  0.467766185658274658010213897796347737        -27377.0072465501798433251678943634033      
      105000  0.467766185658274658010213897796347737        -27377.0072082629449141677469015121460      
      106000  0.467766185658274658010213897796347737        -27377.0071705212249071337282657623291      
      107000  0.467766185658274658010213897796347737        -27377.0071333123705699108541011810303      
      108000  0.467766185658274658010213897796347737        -27377.0070966241364658344537019729614      
      109000  0.467766185658274658010213897796347737        -27377.0070604446627839934080839157104      
      110000  0.467766185658274658010213897796347737        -27377.0070247624607873149216175079346      
      111000  0.467766185658274658010213897796347737        -27377.0069895663909846916794776916504      
      112000  0.467766185658274658010213897796347737        -27377.0069548456631309818476438522339      
      113000  0.467766185658274658010213897796347737        -27377.0069205898143991362303495407104      
      114000  0.467766185658274658010213897796347737        -27377.0068867886948282830417156219482      
      115000  0.467766185658274658010213897796347737        -27377.0068534324564097914844751358032      
      116000  0.467766185658274658010213897796347737        -27377.0068205115421733353286981582642      
      117000  0.467766185658274658010213897796347737        -27377.0067880166789109352976083755493      
      118000  0.467766185658274658010213897796347737        -27377.0067559388626250438392162322998      
      119000  0.467766185658274658010213897796347737        -27377.0067242693439766298979520797729      
      120000  0.467766185658274658010213897796347737        -27377.0066929996355611365288496017456      
      121000  0.467766185658274658010213897796347737        -27377.0066621214791666716337203979492      
      122000  0.467766185658274658010213897796347737        -27377.0066316268566879443824291229248      
      123000  0.467766185658274658010213897796347737        -27377.0066015079646604135632514953613      
      124000  0.467766185658274658010213897796347737        -27377.0065717572251742240041494369507      
      125000  0.467766185658274658010213897796347737        -27377.0065423672640463337302207946777      
      126000  0.467766185658274658010213897796347737        -27377.0065133309108205139636993408203      
      127000  0.467766185658274658010213897796347737        -27377.0064846411878534127026796340942      
      128000  0.467766185658274658010213897796347737        -27377.0064562912994006182998418807983      
      129000  0.467766185658274658010213897796347737        -27377.0064282746388926170766353607178      
      130000  0.467766185658274658010213897796347737        -27377.0064005847671069204807281494141      
      131000  0.467766185658274658010213897796347737        -27377.0063732154230820015072822570801      
      132000  0.467766185658274658010213897796347737        -27377.0063461604986514430493116378784      
      133000  0.467766185658274658010213897796347737        -27377.0063194140493578743189573287964      
      134000  0.467766185658274658010213897796347737        -27377.0062929702799010556191205978394      
      135000  0.467766185658274658010213897796347737        -27377.0062668235477758571505546569824      
      136000  0.467766185658274658010213897796347737        -27377.0062409683487203437834978103638      
      137000  0.467766185658274658010213897796347737        -27377.0062153993203537538647651672363      
      138000  0.467766185658274658010213897796347737        -27377.0061901112276245839893817901611      
      139000  0.467766185658274658010213897796347737        -27377.0061650989664485678076744079590      
      140000  0.467766185658274658010213897796347737        -27377.0061403575673466548323631286621      
      141000  0.467766185658274658010213897796347737        -27377.0061158821736171375960111618042      
      142000  0.467766185658274658010213897796347737        -27377.0060916680486116092652082443237      
      143000  0.467766185658274658010213897796347737        -27377.0060677105648210272192955017090      
      144000  0.467766185658274658010213897796347737        -27377.0060440052184276282787322998047      
      145000  0.467766185658274658010213897796347737        -27377.0060205475965631194412708282471      
      146000  0.467766185658274658010213897796347737        -27377.0059973334027745295315980911255      
      147000  0.467766185658274658010213897796347737        -27377.0059743584351963363587856292725      
      148000  0.467766185658274658010213897796347737        -27377.0059516185938264243304729461670      
      149000  0.467766185658274658010213897796347737        -27377.0059291098696121480315923690796      
      150000  0.467766185658274658010213897796347737        -27377.0059068283480883110314607620239      
      151000  0.467766185658274658010213897796347737        -27377.0058847702093771658837795257568      
      152000  0.467766185658274658010213897796347737        -27377.0058629317063605412840843200684      
      153000  0.467766185658274658010213897796347737        -27377.0058413091901456937193870544434      
      154000  0.467766185658274658010213897796347737        -27377.0058198990882374346256256103516      
