        1000  0.465414595248301643515276282414561138        -27387.4499252164532663300633430480957      
        2000  0.463079578132096103537662656890461221        -27397.7509478733772994019091129302979      
        3000  0.460701806578236616740440467765438370        -27408.2831803987355669960379600524902      
        4000  0.458271496737984118663433719120803289        -27419.0833409611514071002602577209473      
        5000  0.455786701625619738997841068339766935        -27430.1596571957525156904011964797974      
        6000  0.453247246710590689922071305772988126        -27441.5136997079753200523555278778076      
        7000  0.450653155603080501911961164296371862        -27453.1465127398878394160419702529907      
        8000  0.448004244125188022529471254529198632        -27465.0601895763284119311720132827759      
        9000  0.445300051591069612211271078194840811        -27477.2581020226025430019944906234741      
       10000  0.442539868048122508881192516128066927        -27489.7447482907664380036294460296631      
       11000  0.439722783232719793833354060552665032        -27502.5255184517409361433237791061401      
       12000  0.436847734210736804438823810414760374        -27515.6064696504618041217327117919922      
       13000  0.433913545395360034095944001819589175        -27528.9941354791408230084925889968872      
       14000  0.430918960225699088084638788131996989        -27542.6953713310285820625722408294678      
       15000  0.427862665545555298507451880141161382        -27556.7172305735912232194095849990845      
       16000  0.424743310119606809482917242348776199        -27571.0668649119434121530503034591675      
       17000  0.421559518656338783060277819458860904        -27585.7514427117930608801543712615967      
       18000  0.418309902503499975168210767151322216        -27600.7780799653373833280056715011597      
       19000  0.414993067962687589567138957136194222        -27616.1537795489311974961310625076294      
       20000  0.411607622975762366124286018020939082        -27631.8853752553295635152608156204224      
       21000  0.408152182777949346093038229810190387        -27647.9794777632196201011538505554199      
       22000  0.404625374990842501254917351616313681        -27664.4424202232548850588500499725342      
       23000  0.401025844539819764644761335148359649        -27681.2802015174784173723310232162476      
       24000  0.397352258720824524917958342484780587        -27698.4984254977171076461672782897949      
       25000  0.393603312707360486477625727275153622        -27716.1022346506579197011888027191162      
       26000  0.389777735777495137892145748992334120        -27734.0962366785024642013013362884521      
       27000  0.385874298550209549052425472837057896        -27752.4844224423468403983861207962036      
       28000  0.381891821549215193520865341270109639        -27771.2700735939215519465506076812744      
       29000  0.377829185459290617377092758033541031        -27790.4556580340577056631445884704590      
       30000  0.373685343504044586993018128850962967        -27810.0427110860728134866803884506226      
       31000  0.369459336453657916088388901698635891        -27830.0316999840906646568328142166138      
       32000  0.365150310864570337709977820850326680        -27850.4218689580011414363980293273926      
       33000  0.360757541257102021248215351079124957        -27871.2110618852129846345633268356323      
       34000  0.356280457047034759821002580792992376        -27892.3955192152570816688239574432373      
       35000  0.351718675155090532147283965969108976        -27913.9696457037753134500235319137573      
       36000  0.347072039313648772473896997325937264        -27935.9257455186670995317399501800537      
       37000  0.342340667156665112713653797982260585        -27958.2537215750708128325641155242920      
       38000  0.337525006195307453182863355323206633        -27980.9407366840714530553668737411499      
       39000  0.332625899719942830223828877933556214        -28003.9708353916284977458417415618896      
       40000  0.327644663492508259050595142980455421        -28027.3245274538385274354368448257446      
